n_jobs: 1 --> time: 0.3824310302734375s
n_jobs: 2 --> time: 0.3731498718261719s
n_jobs: 3 --> time: 0.4484279155731201s
n_jobs: 4 --> time: 0.5356090068817139s
