n_jobs: 1 --> time: 0.4518108367919922s
n_jobs: 2 --> time: 0.37724804878234863s
n_jobs: 3 --> time: 0.44447994232177734s
n_jobs: 4 --> time: 0.5336849689483643s
